centre_avg_1 = 2.6792922944475874
centre_avg_2 = 4.895764234682349
centre_avg_3 = 5.883138269774549
centre_avg_4 = 3.7585165966304213
centre_avg_5 = 3.3762784702397926

centre_tot_avg = 4.11859797315494