left_avg_1 = 46.15236108760837
left_avg_2 = 22.046312711661894
left_avg_3 = 9.054994737497642
left_avg_4 = 7.060767240914599
left_avg_5 = 60.921611669192686

left_tot_avg = 29.047209489375042
