right_avg_1 = 1.576159404650306
right_avg_2 = 0.8020655581609389
right_avg_3 = 1.7735706630962846
right_avg_4 = 1.4122722629574682
right_avg_5 = 0.4631180933651946

right_tot_avg = 1.2054371964460384