up_avg_1 = 2.357598590908472
up_avg_2 = 2.761132800551203
up_avg_3 = 1.8673340299246017
up_avg_4 = 4.588385808522534
up_avg_5 = 1.2225463801657737

up_tot_avg = 2.559399522014517